10
10
0 836 382 313 262 343 169 494 194 856 
836 0 74 141 357 135 143 425 600 916 
382 74 0 757 720 312 658 576 47 114 
313 141 757 0 960 496 307 156 311 600 
262 357 720 960 0 526 295 563 568 722 
343 135 312 496 526 0 361 237 206 404 
169 143 658 307 295 361 0 22 341 972 
494 425 576 156 563 237 22 0 799 797 
194 600 47 311 568 206 341 799 0 889 
856 916 114 600 722 404 972 797 889 0 
