11
121
0 1447110 159834 1369363 1414287 825428 651745 1407333 170219 1629715 1320503 1007632 944868 1195440 49361 492447 863805 1629959 337504 886242 577346 1641944 685790 1706872 633287 820054 1620567 1391041 480153 1368212 1011005 794240 1621149 805445 297813 1455995 322533 1753338 1717075 330523 286263 1339877 664921 904077 554669 899223 593619 934854 560228 109079 616733 446217 1629437 455352 288602 299084 958886 767310 155304 656182 807343 1516701 1452953 156451 1702991 1413302 1085611 554583 1232509 1058310 1698108 349452 1477190 1705142 1402479 1463372 449771 417323 1220727 1108630 630206 1682497 1185504 1740016 1467233 1612221 311992 1344923 954000 948976 1373572 1694735 699502 490688 1719010 1182997 433113 488290 696663 914393 1436458 378598 1136578 858953 1576499 1263375 721803 400255 9821 1703331 1315384 1437699 597398 804857 710083 865028 1618790 799043 809819 823403 191325 
1447110 0 926402 957759 1065911 1579664 1344526 697412 149660 1461534 419084 1332473 87536 819560 196818 1024576 50799 434756 992933 1417186 1149896 755663 1715306 94018 1603156 33309 698313 1575160 1126114 417893 488823 1515409 1529314 431144 1181608 1452563 27298 183043 1187438 1332858 1539466 698059 1553991 890977 413264 221262 1427358 1671914 629720 1253685 1655235 911593 1158034 600322 1401406 989360 1718359 459766 1128814 1268388 1276063 741804 1673740 1136830 1227919 1036035 159256 1579805 48977 861343 1734154 1618015 1395799 289802 1625186 133127 351624 144277 792947 272219 498459 1205545 495842 1385640 701922 150695 333828 1491627 361476 909049 1379542 471110 416988 1347420 485205 938333 1652378 944825 1631053 402658 970012 1603731 689291 1631108 441631 569042 575995 971249 845230 144378 1376050 1298668 53080 936016 999702 793781 1363860 1284534 1725717 892218 244066 
159834 926402 0 663938 1215532 1701783 1263193 1163163 1102566 363317 518996 1261729 1632099 1060358 1654276 455237 1674674 1467534 1112793 1033251 1708147 1118994 1301103 131245 597600 392845 1518429 1446790 617181 1240483 521180 259318 152319 1085881 364622 966666 187596 355727 511135 264889 971981 152387 1441692 404235 892933 738183 275380 437362 1477443 757302 1055403 927800 291068 1615821 1455080 581750 892480 1471621 960657 240384 900758 1109890 663723 46496 1702921 1701674 1151285 878273 626778 859678 724308 776387 342284 1055360 1507299 130593 593355 281565 1370138 599532 1427422 583458 712247 824141 316924 456646 1130876 253280 328607 181355 243690 705691 351574 692891 220374 1323090 266049 1617478 344829 1425164 97203 936544 952969 1247057 278488 203649 267400 1339479 408558 1578226 838696 157075 1359728 996257 660050 1457684 1277323 218260 170643 1158818 463436 
1369363 957759 663938 0 608461 302895 1057895 1139719 383414 730337 1477910 1656361 1646223 1081163 907179 496325 241182 1641974 1505377 1723836 1307262 1120587 893864 1110445 959329 1467271 507746 613958 1405567 791846 953779 326945 580126 959753 1028718 106602 1720188 481206 1661862 253572 1424373 53731 1132304 1217389 8488 326315 765924 1446256 135033 1071024 905126 1551304 613648 484542 308645 526777 1698286 697598 887481 163460 1038661 931883 196919 1154568 792807 525682 17736 1610905 74013 919331 1055156 629047 164007 1154476 878329 1698653 1146668 1741053 23309 1615763 1525 467039 647099 644432 1319764 617914 800018 1281547 733157 41591 1034821 649326 1703903 345861 1648438 1541997 482229 805422 246384 1628448 1163008 543673 995033 1580473 835301 492689 1587999 74250 1359935 407977 335169 872843 1146612 258212 376337 1067857 1052882 106775 735795 1745535 312726 
1414287 1065911 1215532 608461 0 1382557 975224 574308 1451687 834999 463331 1106844 181684 153725 1761305 463543 1560554 639189 1304192 1658333 1487751 1242702 1200732 1382700 470679 1227638 1276852 1459051 899059 489445 764077 19735 1181219 1759741 177031 494028 1513950 96396 1543609 1605566 273922 858839 1366004 827643 342589 543158 1073509 1351053 133359 189581 1068734 416615 95291 1684117 1651202 690332 832877 1069498 1254688 1167365 227066 1758291 241655 208725 427329 1529122 866210 669709 546090 36019 1670923 323216 1510305 1492212 795272 67802 1745408 544048 1484688 1665378 1499593 716854 1055129 1035800 1443856 171533 588082 740012 985412 874496 466310 1473983 578699 454227 773068 63033 95072 211652 434198 281813 441136 9821 1415632 410450 747347 421468 965764 438514 952907 795569 1671325 873112 32206 295175 1598236 74290 456143 1436045 1257573 386332 757166 
825428 1579664 1701783 302895 1382557 0 367154 1668762 734764 738749 845388 321395 128370 687018 165003 1720675 1355600 1649324 466339 495894 577808 1110171 1700159 129619 997661 301040 80589 1731226 105319 1281420 1308718 1175709 622358 1067508 1719058 424099 1032567 288283 886282 798150 865368 598457 774709 970881 849713 1120756 1608792 661949 1077390 193829 1617376 304733 594973 169846 120219 1093854 763991 80023 1164674 383823 18287 1517370 1036397 1266023 1401833 967932 498153 497548 355476 1304266 642543 694520 1278598 1257067 858510 806632 1405631 1735687 646167 163336 1411174 1392658 912608 1677502 951213 769340 183295 1115801 337520 639377 1562503 936990 1124703 543087 220919 1120653 1597312 1614091 173927 775798 968651 437794 922085 1007934 702460 1353388 508067 1106444 1284679 1513466 269608 1171224 411428 478683 1026384 1665107 84066 1420811 1176824 1704331 860580 
651745 1344526 1263193 1057895 975224 367154 0 265766 846967 1002105 104935 99757 268802 1067807 1308040 65354 341142 1394068 847984 664209 792771 1195629 1016477 424519 1412083 141576 1315197 662284 466602 1299300 586475 1715039 490750 1031653 145312 1175951 491763 366855 1266413 434768 1429414 534268 275174 1636018 1767052 200499 1434169 233311 232747 651995 375098 1257169 1063576 1335547 1020910 1050871 1379413 848580 1524676 1307179 1615434 1687176 226489 1334816 1246251 1313128 211917 1585320 642335 1063983 6070 1472611 978151 1748458 696115 396892 361612 1440546 275278 554866 1205601 695819 340714 816878 60209 956938 127975 1320290 354136 1378261 1157815 269347 1355294 30289 453367 233419 1008831 1320015 105897 1152513 732339 1484745 1090334 689619 70908 1628722 1280210 1646979 497913 1510702 1267784 225333 1338224 1461507 415337 1298360 345067 1142918 1714920 748750 91688 
1407333 697412 1163163 1139719 574308 1668762 265766 0 1761178 1395291 388655 1343589 663421 253939 1591383 803539 675896 134243 508671 736754 1187416 153749 80006 347437 1350306 289070 681932 1371470 576196 105034 945253 720746 687156 930633 1384838 635580 1068062 869982 150164 538095 588184 592917 291473 1752373 1051648 352511 1467282 830255 820627 168787 1314547 1509608 1020069 800454 942524 1059356 826462 1011551 24833 685509 1287882 624892 304514 1406244 1313049 1489281 1736866 614135 1386814 741012 349067 1316505 150378 1520433 51384 217578 1741262 770525 1121331 1666015 1404898 197057 1455611 1667365 1620131 382080 1755259 1227153 1384332 1579346 1122503 151582 157810 1519201 1273101 1019072 1038431 1546982 283267 1571535 1136804 892938 451401 1381444 1313951 617757 1761755 83661 1658116 373947 1119887 758571 600722 1708612 1723828 1050715 677936 955435 838636 1750941 1044280 
170219 149660 1102566 383414 1451687 734764 846967 1761178 0 2939 1530045 903959 1068068 1300485 896115 1271049 754690 1310169 1281216 176194 600032 981314 502354 1658546 575063 1390654 1706495 316626 1308115 160687 1428729 331354 1475440 810117 879184 1550035 33594 450583 1499335 442391 418727 734015 1098138 349146 1624113 466011 1140099 693970 1419934 761992 1734954 1306312 1124942 1441063 1323783 1158022 1552735 1160601 1626791 865562 165869 1676979 1665627 1560292 1466824 1618515 1497166 378605 1493258 1451364 471194 321023 29645 1479970 1115602 1207817 1355754 1326537 1182158 1211398 1498148 1522401 1566537 1142429 184316 928894 483696 767342 1647883 1763434 225521 967257 1325395 203384 1392407 144669 1486114 1088123 1341734 678607 1756328 448053 1715584 817615 914344 736834 1221771 1658337 1215908 496984 456949 762771 1589118 989475 802265 84266 1303466 1014220 1649163 163853 867856 
1629715 1461534 363317 730337 834999 738749 1002105 1395291 2939 0 300441 817249 1325635 343762 1171161 655133 1107088 900475 1207474 554015 416711 827761 935440 54623 5415 183483 347419 803964 608950 1721467 109920 563203 1190257 586034 1225258 1212268 622751 486824 109103 1458452 1496741 1423350 335245 702826 1486597 125102 39754 364615 1658831 200779 424381 1433884 1213239 1756178 119283 876699 320621 1171353 222491 1564528 1755581 1589812 1598943 1050460 735640 928715 625385 300972 1260510 592803 1399589 838019 1018817 165231 361618 970881 872575 1322862 1041543 243972 140440 489206 1518419 351780 1127580 957469 670170 1738168 685037 25304 172411 344421 107279 149335 251761 1179140 1018963 208446 1513807 1269036 1726989 469368 658654 173921 1070092 1314904 1239837 1171556 481253 209133 323799 151370 1231153 1619818 455989 551580 419942 219126 1122903 842677 348537 
1320503 419084 518996 1477910 463331 845388 104935 388655 1530045 300441 0 228626 493277 956518 49101 1648139 1443447 762917 1354550 780691 727326 1669065 2861 25012 822506 606392 402812 660868 1272364 1184141 1486258 1047204 1620392 1274306 664344 250732 302818 1374644 549996 1442008 434929 741804 1558213 1073770 739456 1700349 569438 971711 1406527 957994 638593 475537 1705878 66517 47493 439270 1340422 268838 1117958 105236 1024258 1569641 356357 1148215 448077 384663 281583 745049 1507876 168510 1470430 14109 655331 1029449 1349336 995453 688183 1010673 1272307 1766176 1200399 270908 475894 865436 87871 739399 1526942 1626209 1386783 1472950 1090488 1753253 681501 682157 1200625 341682 606867 768393 805760 1465948 473452 664818 486950 1479828 1078986 956847 1196828 464921 954290 575616 843869 80531 1166954 124516 309545 164454 1523862 1340980 801420 495603 1288041 
1007632 1332473 1261729 1656361 1106844 321395 99757 1343589 903959 817249 228626 0 772888 1185359 1292439 1509181 154715 725433 873462 1064873 1494595 947506 701310 951136 1295071 1031000 956841 411850 315721 1284182 1504018 711942 1643460 363427 1261266 121236 1337703 816588 829345 1254303 776924 1314729 473363 129677 1232882 111075 1611487 1282220 144390 455054 331177 474125 606506 670766 1461724 1027923 176860 94592 1320189 1292378 351218 706697 608917 12329 1254144 801362 1754685 1371097 1499374 690038 205846 1662633 1645909 418701 1482368 983983 1543410 1540100 169445 974111 1402107 903768 995436 1209120 345575 1587034 18427 499904 589239 752024 208062 456828 911216 1163365 1092988 68913 641896 1374185 1626928 1007983 1217380 918232 963422 95715 1317726 988491 1219454 861561 674008 161700 438900 1735753 1238588 953228 1563875 951167 601587 1724152 1349546 334993 466762 
944868 87536 1632099 1646223 181684 128370 268802 663421 1068068 1325635 493277 772888 0 1056631 426479 635008 817274 923192 1199299 26264 1087168 1116007 1399138 1450608 466077 1301081 20003 1421138 580622 646656 1661362 579059 1027386 204242 198453 295044 1685153 109540 134914 1740920 386998 187789 1272226 1770703 753811 71312 78395 970944 1250434 52382 1090127 650382 45334 1729168 1228781 636128 1363790 788238 1603880 375297 1250640 930365 1542890 676715 787598 1014975 8735 279892 425152 375121 1493675 925869 1251518 546839 281674 1692493 1292257 867111 1575469 971044 295392 1419860 89494 1215465 1440129 106455 1765519 312259 1405392 1435646 1663041 1189557 685102 1529259 288631 1286025 226461 1554307 45958 1043058 857774 22181 1769887 1626374 1367310 696530 16837 825607 476977 713140 836953 213079 571345 188267 1310661 1371074 955490 340534 1481707 732525 434173 
1195440 819560 1060358 1081163 153725 687018 1067807 253939 1300485 343762 956518 1185359 1056631 0 1091021 603825 100154 766170 743061 884937 1378229 1115499 351385 1665943 96982 53359 534645 1478918 22862 653058 236898 354606 1106771 1167344 1064039 379725 375602 1251536 270170 1353343 695513 1045117 1359119 208513 1224385 269874 1550399 96664 1378464 52979 1332353 1373101 116824 1202916 1442530 199244 857582 1464809 744962 1212691 1102109 1400493 486005 1687561 23491 773109 153131 1155931 1046352 1448249 1609488 1067841 1042757 1381679 508232 873164 195520 1461406 1485279 1553267 973195 1632938 515939 645239 1490899 391338 435958 1116426 287174 1676131 1134186 1553133 319378 766425 1249990 1211593 377644 307193 516404 508837 696646 761177 881358 826551 312358 281961 1235831 650745 409880 1464720 158008 1379799 1295181 1406542 1176609 1183374 1380842 1695250 1204990 447228 779550 
49361 196818 1654276 907179 1761305 165003 1308040 1591383 896115 1171161 49101 1292439 426479 1091021 0 868649 1675029 136642 1153599 151173 370196 1470195 30408 395806 1575456 411592 881436 1680416 1682020 424750 1475257 1702001 991829 1282714 1700422 1275856 166229 156195 1182368 913661 1345690 1153506 1154781 1123683 1211121 112514 916692 1590703 1373927 1153300 1016967 1751669 24848 1264111 1226755 180560 1663553 69031 49417 1127534 1045776 353262 1148936 127315 834957 942822 1532434 1457501 1714155 1534443 1371496 270669 314082 459717 77395 432027 46773 341685 139704 838933 1317169 480682 812110 1587883 520184 1003275 1229028 781108 815113 631439 1210970 1273076 770493 24320 640313 1505808 38535 731169 321599 1755625 1056103 827589 1446654 895156 1730766 962502 1277914 86571 844216 1414685 1402938 1087370 1662874 338825 522367 1433012 633600 794741 68203 202545 1706893 
492447 1024576 455237 496325 463543 1720675 65354 803539 1271049 655133 1648139 1509181 635008 603825 868649 0 689827 472539 807349 217171 1434129 1711229 325708 1554100 694208 931410 735940 926748 1515606 1718413 1374622 1111001 1065850 929854 1629515 649091 229858 395674 1347446 910205 1034002 1094267 1240481 1057822 1640725 499961 978108 100155 1026701 187213 1318221 990881 345008 1717036 1718629 500859 787109 345770 401803 340751 1115490 1207343 987520 1586373 405315 1515123 206618 437971 1321929 1624732 442356 693233 307469 99618 962715 1473762 1696871 306898 277887 572086 1666583 928765 648448 989030 1576291 68484 633082 399867 1541774 967646 235284 6091 1680506 1096535 144590 543030 127755 580318 1662191 618170 679466 672051 496006 999895 619693 59234 1520682 960369 307899 1748269 1382256 183862 838707 1339235 940776 491424 1251915 753634 1011432 471276 1485317 
863805 50799 1674674 241182 1560554 1355600 341142 675896 754690 1107088 1443447 154715 817274 100154 1675029 689827 0 797772 899122 1576603 163623 142461 484399 391864 105139 721643 491578 555648 772770 377622 581125 1751275 509153 561296 970781 1486072 1220951 1566880 390642 1195192 7748 1748506 1446109 1565298 518320 1345586 593613 1502741 1139372 1031688 8732 1499355 712224 722944 831609 1698374 774493 766548 768730 398365 1509608 1014167 141678 157907 799282 10577 1301837 1126449 1314689 776386 1157178 674970 507379 1725036 754874 400963 1236387 309915 1076320 1558035 293648 977364 381685 1762823 189201 71337 1034479 875266 384793 22008 1507671 814494 744379 826672 1538976 1664997 599935 833914 481031 244495 519154 529727 1735582 1581750 1261660 648792 710996 107026 1425231 1016147 1179999 172803 658105 1595274 823623 1694351 207463 549020 1684703 1570762 1581737 
1629959 434756 1467534 1641974 639189 1649324 1394068 134243 1310169 900475 762917 725433 923192 766170 136642 472539 797772 0 322767 380826 1571440 233817 1649371 54080 270777 460905 37431 1020532 177204 284967 867066 1397911 1196584 180920 1329861 1217204 580931 180747 185691 1163503 1290579 1676106 648301 1750216 1620499 1770267 445039 375271 61757 1636501 1519123 1440661 1123825 1576141 614000 936521 1575515 1682047 278770 728018 1032926 724880 1664803 151281 1106460 737756 1695538 772774 315863 879913 1536579 1390544 1698461 482346 918405 196205 628407 663812 1208737 454916 331914 15723 1734508 1506399 207869 1679405 415954 678071 1216414 159116 548886 989620 42821 1265072 340569 385042 1728200 1459477 1771180 1223642 238759 779383 52224 333656 483074 1598913 239918 756409 308179 929080 775667 412873 922377 1172051 1655494 209014 1384382 1147069 1655598 937312 287766 
337504 992933 1112793 1505377 1304192 466339 847984 508671 1281216 1207474 1354550 873462 1199299 743061 1153599 807349 899122 322767 0 357501 540073 753039 1176851 976823 1440514 243534 1549279 1418325 1000159 678696 992638 65250 769942 65192 906002 1203177 1398533 685176 527014 1116930 1324546 1467070 322729 1564674 1708723 1502022 875221 1448718 1472189 1384986 1173487 941398 641427 1420659 709913 757094 568057 724243 867856 593658 751506 75234 185877 1630882 1079620 313435 763183 834176 646877 295473 438430 1048273 440967 1122224 1217481 1439123 1021516 1459914 249800 513701 1227143 1757096 1731703 1313237 1189171 1723423 306230 77405 475758 1002916 1380808 519391 1578958 294577 790994 1562856 1306844 1216314 1633125 1281477 1294575 814362 1198077 148281 157805 734806 365250 130238 120788 1647519 1193460 197956 893705 644966 188230 143702 1502692 1345010 385401 816524 1595451 
886242 1417186 1033251 1723836 1658333 495894 664209 736754 176194 554015 780691 1064873 26264 884937 151173 217171 1576603 380826 357501 0 1556734 1031954 702622 869521 1198012 1712617 814294 1509062 164592 690737 105874 1203634 1502317 1520126 59827 1550782 433952 1167054 306125 1235258 587106 984082 789982 1235366 243761 1704734 1229310 475705 423779 1356940 1512080 1156195 968414 263021 1438738 54293 665634 217339 1629873 378373 1307429 1272749 1393287 213101 1350888 1399291 269030 1462832 1375954 1569811 212860 1725555 1368066 1272494 1196074 477302 804983 1103995 1294803 57824 1303216 1534768 1458260 1499022 1303615 488101 375287 936682 1432707 1752667 1032068 1190900 928632 1431855 1434124 1343101 973298 834634 437387 1132439 475439 1700697 577281 1319665 190160 1566725 647805 1483149 1182564 1727498 1671675 1359029 1594885 1667128 210500 1508271 154591 449201 1355704 242493 212308 
577346 1149896 1708147 1307262 1487751 577808 792771 1187416 600032 416711 727326 1494595 1087168 1378229 370196 1434129 163623 1571440 540073 1556734 0 796367 1086731 787984 706240 230324 230950 1194360 280077 1160324 1335894 819538 308482 1362856 1176475 251151 1662258 734009 1664726 615367 1073212 1578984 1204318 40770 1367943 1538054 1445310 353423 733214 1713468 1745462 313577 1495855 635743 160146 324723 1332191 25123 82148 886609 77444 20547 490107 727442 1112326 59495 639031 255512 708721 260931 256673 883940 683317 1692196 18426 43658 219233 342757 910621 1048220 1234569 262071 1715144 1455261 887259 726926 273655 1143095 417438 936271 1337012 1441659 1756683 1366360 1586229 1254302 360518 1669763 887946 1630901 80364 4266 300801 142349 84045 65460 789186 1105061 188800 1387716 50805 1432612 268727 1232080 1693109 241679 1510020 450205 273402 1306510 879006 
1641944 755663 1118994 1120587 1242702 1110171 1195629 153749 981314 827761 1669065 947506 1116007 1115499 1470195 1711229 142461 233817 753039 1031954 796367 0 1279983 1702027 45546 22310 864713 899033 871798 256122 1343990 1219001 559794 1582113 818776 822394 1248528 608871 1126124 811109 588861 637505 356779 29334 532421 569878 547956 438224 982799 1242674 887965 1632240 1362655 1689637 1314782 1537797 1184410 1088031 1572862 480250 555255 243754 889891 30469 1591594 1375717 106088 1296530 294758 779583 695561 147904 1349409 774083 11380 1511599 86705 257473 479513 1728378 27912 1675339 1031416 1495668 980159 1348864 676938 1268604 313295 1265225 1317196 1187080 278979 970119 219887 1309732 1727012 700993 1694086 401010 614244 197329 463618 1482561 618173 268201 1678871 1376001 260633 369653 838790 793315 1467791 1358440 877729 824146 127827 1656450 323928 1261258 1408424 
685790 1715306 1301103 893864 1200732 1700159 1016477 80006 502354 935440 2861 701310 1399138 351385 30408 325708 484399 1649371 1176851 702622 1086731 1279983 0 60058 1648662 231875 495562 497501 1720306 695549 752526 90983 411404 523141 97276 45454 245669 1664784 205024 877188 1563425 740193 1324353 1014259 990746 1130179 1465235 288715 584008 150177 852685 1250425 1495963 1412718 772058 1440219 1684606 982144 1123256 714880 1012687 1736266 193243 1192489 1765496 1456618 1145420 613745 998549 657794 1397342 1526009 1437163 141161 346812 379639 302845 922985 637288 1204015 1167975 727647 111030 536582 1387561 1169193 252235 881434 308950 1583939 699927 1566892 1238999 882684 1353384 581303 914557 447972 1475668 291740 397124 95455 1177651 645122 659152 1743037 1730500 1655592 415284 196342 1215982 216967 682965 1300947 1724393 1347353 349152 946198 1355083 1416449 415354 
1706872 94018 131245 1110445 1382700 129619 424519 347437 1658546 54623 25012 951136 1450608 1665943 395806 1554100 391864 54080 976823 869521 787984 1702027 60058 0 157582 43231 1113822 783331 784409 1210428 574160 1469459 1184007 881099 500899 715235 1498726 862907 1397320 1639578 1498202 427565 285421 1506813 162064 1321365 1147042 1302970 675401 1709930 446438 332565 560895 1413540 1206591 1526393 968622 179056 777950 1491949 1695446 1341064 1641449 1562884 1322487 445460 1191629 480935 270789 774279 660937 71455 1538665 996092 205957 1181555 1348741 550198 669202 950518 1260220 1159964 1729909 18166 72564 311901 1699440 223538 306681 1335602 624642 693288 280353 829331 1740441 1684768 607467 132872 650628 1200745 1752720 570944 1390499 1446087 400460 1195995 1120876 1745773 1256969 842415 336119 1147354 253027 1455089 1599295 686924 232188 813426 494509 1664125 784947 
633287 1603156 597600 959329 470679 997661 1412083 1350306 575063 5415 822506 1295071 466077 96982 1575456 694208 105139 270777 1440514 1198012 706240 45546 1648662 157582 0 400897 1511232 893283 377194 1355013 418995 1613725 1620300 1045379 1726251 439344 1679816 6798 894578 1465527 420779 1409368 1331773 1469805 1415894 1688354 572042 1729090 1084582 1446201 853300 1205429 818337 1252723 605285 565556 727748 1268181 1169948 1294257 1444038 283255 424433 291879 498030 955510 123617 100087 54427 1042105 657394 1682176 321742 455482 962499 5423 1762140 459762 396804 1597046 418681 487789 291194 201447 465985 393914 939226 1339537 264408 1486737 297491 1333698 1381493 1658742 532890 870089 637335 551785 166628 2005 324782 1027847 46622 149685 537164 343488 380632 1538222 1535956 1703830 325866 168337 797473 23201 258175 621937 1340390 708660 1600506 262523 840268 
820054 33309 392845 1467271 1227638 301040 141576 289070 1390654 183483 606392 1031000 1301081 53359 411592 931410 721643 460905 243534 1712617 230324 22310 231875 43231 400897 0 432608 1711833 461863 785447 177966 1271778 1241881 954651 1406638 1717920 1579021 1566901 1075928 1542749 1387561 131105 497579 793285 943128 286655 1040515 792254 1020674 1230415 1604601 1510216 562492 479002 439668 1369821 556358 269461 1145002 677758 1674392 579128 521561 569343 1135543 1255854 884962 1323822 1475607 1198198 873781 666419 1476731 1222545 544294 95924 953334 1669278 335640 1288070 649502 793198 296109 1223167 842514 912570 1751698 1301244 1038357 1077592 1097920 960139 360884 294960 770180 222171 1015239 889592 1450402 785225 1490792 496249 1188226 1142312 1507655 1424395 527736 928147 1607015 1127934 1589495 108945 1630921 1585308 1415290 1315851 895804 417449 839960 342175 1589972 
1620567 698313 1518429 507746 1276852 80589 1315197 681932 1706495 347419 402812 956841 20003 534645 881436 735940 491578 37431 1549279 814294 230950 864713 495562 1113822 1511232 432608 0 1007530 1051507 589549 1176554 664599 1250547 551276 1463655 1637688 575492 1045010 1436290 967858 612140 1365019 1725579 1627080 1137939 908826 1372690 1315593 112181 1522735 593687 737591 684680 1737450 1582773 204888 222538 829833 1387029 437274 58007 895921 1132245 468083 340210 1352919 714149 89928 1563915 759187 623806 418047 765050 1020197 1668778 830065 1555699 676565 816809 1204245 1035022 750406 320088 1705352 832381 288958 471632 792234 426639 929358 235992 1445369 438148 71706 211999 1128509 1197951 1744498 317406 1283419 263229 45812 1710812 352309 1043388 1097916 1518333 1230288 913240 856292 598837 1618137 1470355 155094 1332985 805560 477545 384012 561419 763074 811954 
1391041 1575160 1446790 613958 1459051 1731226 662284 1371470 316626 803964 660868 411850 1421138 1478918 1680416 926748 555648 1020532 1418325 1509062 1194360 899033 497501 783331 893283 1711833 1007530 0 929268 1581070 89957 1043913 850141 1498605 1060039 445902 1500604 1363801 402441 1709313 1289191 1383895 14555 1258073 1010436 274909 273295 607454 1137142 112339 60510 822819 287075 1632567 1625498 1337400 358092 340726 174201 174130 987142 172936 630495 768416 1012016 129374 352579 284700 1043757 1002275 788002 1348463 946901 1581615 923137 1057112 51034 924425 1083056 1523996 359283 1690298 1304643 876421 782108 1214698 1638610 645193 1409287 393498 882974 521916 1172706 369326 283698 416162 613063 929316 1374964 1517237 346685 1119709 136883 1000202 1333534 181845 320154 712186 1120316 616638 399591 1649544 1063124 165335 1303728 159356 1345520 55583 8939 901605 1355522 
480153 1126114 617181 1405567 899059 105319 466602 576196 1308115 608950 1272364 315721 580622 22862 1682020 1515606 772770 177204 1000159 164592 280077 871798 1720306 784409 377194 461863 1051507 929268 0 300976 77594 1697155 1016447 553618 883415 1018064 198461 492956 1374112 1142624 100073 753071 1318407 299346 919490 1072224 969785 827481 1067896 941534 273565 723247 707336 624739 1709295 1124744 1236155 551091 970931 873809 897955 1705319 1422056 1649689 1212217 222043 504272 44412 1528485 1216794 363316 301115 1615395 975271 918000 1475263 1285829 1377822 1482768 1402295 496449 1022770 860169 595300 636240 558795 629315 1464346 1590506 1509006 609416 260066 56152 1431594 436090 1127619 1529567 502410 952162 1110193 512675 1201254 1646202 331397 163893 912630 537690 146593 365133 1188412 651540 73607 1080071 1005295 1197938 992544 1452036 1349806 839093 779351 278742 
1368212 417893 1240483 791846 489445 1281420 1299300 105034 160687 1721467 1184141 1284182 646656 653058 424750 1718413 377622 284967 678696 690737 1160324 256122 695549 1210428 1355013 785447 589549 1581070 300976 0 645585 1360746 514364 1538575 610416 1573278 136740 711507 35614 1627201 127466 1146866 1187251 581167 632951 1276165 330523 819558 1037155 876521 1144940 1704078 1423162 369964 1228078 62886 1111815 496490 229488 460728 796962 1407326 137334 1157511 1552256 1173061 260149 1565367 724039 1134164 136381 920248 1050913 472849 591350 1422112 966001 721279 1011302 901614 1131711 906779 952656 150433 673114 244936 731776 1153899 818473 1550628 96302 1726599 421528 1705944 1174800 127781 589066 80028 1654744 665351 1685550 234331 464367 1691618 1695135 221805 943757 1300718 884343 529229 357913 116017 1556956 782135 1311286 81921 878827 1538202 1356451 315797 681453 
1011005 488823 521180 953779 764077 1308718 586475 945253 1428729 109920 1486258 1504018 1661362 236898 1475257 1374622 581125 867066 992638 105874 1335894 1343990 752526 574160 418995 177966 1176554 89957 77594 645585 0 1064472 1076200 606642 1413055 147636 1068853 96397 1256246 919611 970947 1458916 405254 715837 845933 391781 21656 1148363 807114 1182792 265361 1741813 728906 1279153 1200254 901481 516888 198299 365390 723068 1599214 991268 522447 805865 477117 1033124 732452 1653055 1438543 592577 787807 1180797 1287304 256494 28568 1207762 136276 1121584 845614 1715306 324044 513934 561624 1603692 1624373 57159 1697621 540892 964051 1137875 28269 535119 19251 853671 446552 1347826 266366 505419 1522182 1493607 1082381 291176 1521163 325799 266319 1630100 1475337 282271 1587380 1534578 1296589 574725 610078 341054 1388867 155606 672247 1219633 1468594 1061619 888918 
794240 1515409 259318 326945 19735 1175709 1715039 720746 331354 563203 1047204 711942 579059 354606 1702001 1111001 1751275 1397911 65250 1203634 819538 1219001 90983 1469459 1613725 1271778 664599 1043913 1697155 1360746 1064472 0 559799 1282671 1306622 792451 962118 1562144 161374 613328 85479 1138857 37347 997583 850234 1129330 1204950 84538 1116960 864593 773414 738024 736277 729304 1139602 437134 1034724 1388000 1415050 1200870 1697691 1328245 561409 165138 1592399 313126 1116203 365614 58631 1666968 792569 1509250 1160147 919204 425389 1469696 381455 161474 1218408 183490 3247 1274110 304636 317409 302211 525923 140989 1273161 849074 1028126 789372 453033 176194 1674249 1436803 510478 375598 1428875 682802 612241 757167 665823 321121 819054 1031387 589955 603157 1492684 105163 1031459 1024800 802270 176237 351826 1471546 939300 276536 1219287 965394 140982 1444108 
1621149 1529314 152319 580126 1181219 622358 490750 687156 1475440 1190257 1620392 1643460 1027386 1106771 991829 1065850 509153 1196584 769942 1502317 308482 559794 411404 1184007 1620300 1241881 1250547 850141 1016447 514364 1076200 559799 0 1080891 1128323 1716976 636118 1443648 1462043 1710999 283215 747535 1595724 1067463 1206196 1336123 941473 450077 748998 1365724 983787 505042 1022249 536076 314265 789204 402535 1505980 1139797 1722536 213887 665812 1404874 370712 1305523 1066629 21146 1550149 1101512 993603 1658952 782334 126110 1157272 1286797 115660 45898 28820 1388989 913180 950181 382373 746035 1325191 70407 1330652 1755084 838824 369589 1038611 1702370 1282231 661185 1256834 505520 671293 1178094 891266 1491252 892258 310078 1026648 1538805 89809 1159963 559968 385777 1196607 1008175 950095 459809 1133220 166025 1379342 880552 1314526 1581445 695284 409140 747296 569299 
805445 431144 1085881 959753 1759741 1067508 1031653 930633 810117 586034 1274306 363427 204242 1167344 1282714 929854 561296 180920 65192 1520126 1362856 1582113 523141 881099 1045379 954651 551276 1498605 553618 1538575 606642 1282671 1080891 0 121256 170889 904832 367213 1161537 1236494 73266 73233 1002262 399221 1713679 394089 1491139 1733824 112901 359256 1713220 1163640 1194993 1106918 1538769 1235197 1734323 927087 116290 349939 924541 1334324 1406876 749728 977813 332052 1418768 998555 236728 1536428 1760740 708591 636501 989397 214195 1475939 1534304 307015 1194426 890022 22799 373669 351876 1168133 187165 709411 886446 1760422 1190506 1249345 1173479 1163442 886199 1075128 1053964 483847 737788 307966 393596 123717 1301508 1447050 296508 987352 1670349 1765273 439044 445831 27725 700855 805362 1253343 1291322 1503221 1197143 394946 272202 1553249 1215585 1302597 1039956 
297813 1181608 364622 1028718 177031 1719058 145312 1384838 879184 1225258 664344 1261266 198453 1064039 1700422 1629515 970781 1329861 906002 59827 1176475 818776 97276 500899 1726251 1406638 1463655 1060039 883415 610416 1413055 1306622 1128323 121256 0 29227 1004454 233857 1205788 307124 1578079 704344 1033808 368047 1009643 954941 888987 449688 1263833 3155 264497 1117234 734324 1493567 1700344 1655776 564781 1281545 81260 91782 1175704 73816 1262622 884750 83404 210248 897133 521660 1295 982915 320639 813674 808924 744264 232186 679735 343986 1370288 123306 896710 1689287 536308 1531780 547687 328606 398946 1035948 1125885 215682 52304 107461 918192 1153128 658465 1492372 642883 1329270 117841 641426 1155249 430556 472260 1588090 1522945 919976 1248421 884290 494303 1532761 367256 365389 721324 1034976 130867 1016832 1579727 594050 1686713 1661508 369874 1128373 
1455995 1452563 966666 106602 494028 424099 1175951 635580 1550035 1212268 250732 121236 295044 379725 1275856 649091 1486072 1217204 1203177 1550782 251151 822394 45454 715235 439344 1717920 1637688 445902 1018064 1573278 147636 792451 1716976 170889 29227 0 908656 1393119 238278 1394068 957976 1122826 1193273 1024939 1522897 351354 1586397 396700 1042903 1008772 152525 266405 1271134 1640319 225699 1323843 1348591 1235172 1183621 655510 1115594 757582 1762033 727721 1117666 631882 1492975 266240 690992 990955 652602 336854 921449 604192 336768 1035438 1110657 398768 1343449 933697 388405 1348286 1476953 489403 47033 1462039 912528 635030 1502888 171308 1561628 1653058 628714 772777 378068 1624999 258837 798728 1414899 1312812 437251 636282 895585 976883 1487710 1676927 659842 1535304 907463 1433868 1683121 503976 287150 284284 176381 249129 1037296 735144 976016 1551789 1034180 
322533 27298 187596 1720188 1513950 1032567 491763 1068062 33594 622751 302818 1337703 1685153 375602 166229 229858 1220951 580931 1398533 433952 1662258 1248528 245669 1498726 1679816 1579021 575492 1500604 198461 136740 1068853 962118 636118 904832 1004454 908656 0 1013893 535367 65149 1163435 1225551 625666 1118296 508596 984395 1451729 853002 822339 1328085 1619121 80005 1265221 1552576 514597 885106 1009574 1746227 56782 117696 613163 85861 266768 1169475 1393533 414929 1218993 389804 484792 288533 616375 691816 1350587 329781 1270188 1299832 1669968 147005 124053 786130 1517725 884933 715653 1145106 1489926 1030234 794535 731984 627905 924070 627516 915803 312217 805330 1124698 870510 1573195 1223522 657119 1718261 1301975 934282 757362 658377 1450826 478322 1114770 1293722 392099 101079 361826 318139 1676684 1148194 663691 245604 1086199 1469510 144174 505228 378053 
1753338 183043 355727 481206 96396 288283 366855 869982 450583 486824 1374644 816588 109540 1251536 156195 395674 1566880 180747 685176 1167054 734009 608871 1664784 862907 6798 1566901 1045010 1363801 492956 711507 96397 1562144 1443648 367213 233857 1393119 1013893 0 1149579 389946 952615 1324889 820098 718824 113627 894580 343328 741363 1327309 262813 1706850 1080505 1437153 1224314 1375924 487349 756867 283257 158739 737248 1489996 39240 1719672 1408702 804755 1719372 1701953 1394402 1535209 1705695 1253940 857514 1592033 723203 1353424 1309635 323905 1712981 1388756 1384518 1463078 585675 1264249 668919 1483186 90573 1333906 334123 459220 1263345 1439191 593275 1548548 979878 419191 1569150 501894 1235280 467937 1002946 581495 370902 1066343 620507 1087332 1216613 1697701 1290376 1422064 613679 968082 1199977 1156331 808687 1462058 1563352 631936 283077 1529839 992008 707763 
1717075 1187438 511135 1661862 1543609 886282 1266413 150164 1499335 109103 549996 829345 134914 270170 1182368 1347446 390642 185691 527014 306125 1664726 1126124 205024 1397320 894578 1075928 1436290 402441 1374112 35614 1256246 161374 1462043 1161537 1205788 238278 535367 1149579 0 376295 859366 502649 999957 1191011 1319267 202767 64501 1337030 206220 1668305 34125 503277 673677 983591 54601 881173 1322238 833635 1568441 1701056 415719 1344796 630755 1313083 1053436 893089 1452526 807810 504784 1455071 1443100 1232835 1605135 323032 1101053 1561739 1473050 881080 871638 1516386 1751163 949349 685301 347900 920785 1244161 1157396 444896 531050 1756991 140076 275126 256439 651523 1461782 1069778 1445546 281608 494402 999019 61182 1289702 606297 664884 1292390 1131559 428338 1605216 681580 541742 887695 1469884 408578 1742306 1771392 1694200 288960 658230 930260 1021778 122681 
330523 1332858 264889 253572 1605566 798150 434768 538095 442391 1458452 1442008 1254303 1740920 1353343 913661 910205 1195192 1163503 1116930 1235258 615367 811109 877188 1639578 1465527 1542749 967858 1709313 1142624 1627201 919611 613328 1710999 1236494 307124 1394068 65149 389946 376295 0 958067 1034881 1271201 880709 1573512 1482851 384796 1095518 1499153 1471724 1402242 317945 1509648 1441884 327335 1188320 981293 435269 1417322 1146819 989785 917399 1421984 1461832 945544 1651731 874822 868675 971077 1357811 295971 1668819 1649817 1454721 1452328 1084584 1228326 672996 239771 203922 304781 465299 1622528 1624398 591508 1194856 1626213 418100 1647222 1663808 1608928 1364903 832517 1598047 1089767 1746233 1107839 925599 1129721 64515 380134 1467683 1631071 659990 816840 159141 1188195 630611 684493 188727 593914 1502773 405598 728331 135637 281107 874147 39360 1677925 82560 647513 
286263 1539466 971981 1424373 273922 865368 1429414 588184 418727 1496741 434929 776924 386998 695513 1345690 1034002 7748 1290579 1324546 587106 1073212 588861 1563425 1498202 420779 1387561 612140 1289191 100073 127466 970947 85479 283215 73266 1578079 957976 1163435 952615 859366 958067 0 868906 783988 522217 93263 997929 735965 1395262 1055345 1383953 1221418 492102 1383047 1699661 292462 24657 340850 949425 100061 1136954 1737783 1543808 1650310 624884 1430301 760739 904408 623714 1000034 1453492 73991 695883 748772 464879 1446603 130826 1022209 106195 475488 1461239 745272 270614 869575 1545443 317265 429622 1305505 637025 911236 390678 793750 370096 1674330 969613 1182899 1555549 1096113 63623 381787 1223240 777707 40107 646273 659322 786697 1653968 389020 636946 165790 1604221 886009 785041 545033 178101 226656 1364837 1649871 1475437 628983 1402432 1578054 
1339877 698059 152387 53731 858839 598457 534268 592917 734015 1423350 741804 1314729 187789 1045117 1153506 1094267 1748506 1676106 1467070 984082 1578984 637505 740193 427565 1409368 131105 1365019 1383895 753071 1146866 1458916 1138857 747535 73233 704344 1122826 1225551 1324889 502649 1034881 868906 0 733497 1242113 1510953 1142106 1722422 1564047 573995 1192199 1044321 876472 353515 1554729 1556155 383041 338602 1405437 184901 235883 924949 1637063 1287502 690854 730292 1011047 933235 1099032 393256 155797 440297 1317572 250929 1756351 1258913 1708823 1487877 818955 542206 895264 351491 170659 552723 85565 1771186 235202 201547 1228752 150825 508433 142418 433450 995706 825715 1454788 1220892 315131 256960 1335780 655209 357172 894110 55071 1169474 1762240 335610 1704999 319382 340475 1489188 981858 263790 23857 957205 55314 826143 1588832 917470 764632 698709 1568683 
664921 1553991 1441692 1132304 1366004 774709 275174 291473 1098138 335245 1558213 473363 1272226 1359119 1154781 1240481 1446109 648301 322729 789982 1204318 356779 1324353 285421 1331773 497579 1725579 14555 1318407 1187251 405254 37347 1595724 1002262 1033808 1193273 625666 820098 999957 1271201 783988 733497 0 1176871 559028 1108578 277459 895311 1606815 892228 619100 186117 41080 985104 737781 1729969 550535 329551 174205 1530 247811 1037648 1166112 664321 475910 1385759 1021078 868356 1267081 530755 1556241 785002 86271 957188 670387 653328 1664357 790817 142824 1602672 371164 681611 1621062 1133697 780800 1066692 1463658 1574835 1362784 142937 34469 311588 985940 1030171 1254159 1282906 268088 505284 393886 235779 102130 1200216 559955 1289445 649309 4442 1409683 1678168 612740 1730343 1715010 426882 147919 812550 1351853 1510045 933174 832569 1593697 1109235 1111381 
904077 890977 404235 1217389 827643 970881 1636018 1752373 349146 702826 1073770 129677 1770703 208513 1123683 1057822 1565298 1750216 1564674 1235366 40770 29334 1014259 1506813 1469805 793285 1627080 1258073 299346 581167 715837 997583 1067463 399221 368047 1024939 1118296 718824 1191011 880709 522217 1242113 1176871 0 184013 395393 473938 251201 194278 135794 677738 1567089 1713115 1016006 127638 1727931 1550575 1600219 595055 1487481 1131354 843253 1356727 624438 1677953 1039031 45498 919340 1151081 1396965 821712 71322 350818 447449 593374 703792 1639368 1555913 1586933 293126 230159 1256362 338256 676135 1018630 183284 27646 616819 1546501 968652 276829 199251 1653724 470437 824674 394100 941249 1131463 873786 411097 776666 937042 631557 1712690 570458 172387 1428165 621510 671269 1536731 526404 736986 387462 1219347 256287 326456 323429 1588236 1739309 426119 129392 
554669 413264 892933 8488 342589 849713 1767052 1051648 1624113 1486597 739456 1232882 753811 1224385 1211121 1640725 518320 1620499 1708723 243761 1367943 532421 990746 162064 1415894 943128 1137939 1010436 919490 632951 845933 850234 1206196 1713679 1009643 1522897 508596 113627 1319267 1573512 93263 1510953 559028 184013 0 1333637 1381527 1743065 1432378 1187260 981530 1075164 315141 1694169 495284 1263724 939613 491565 24075 1064147 440252 100507 1695127 324174 805522 309080 696811 1601698 110362 931603 31907 513915 1655152 1294482 230431 1445665 1607628 697913 567533 1634022 20803 449286 654153 1519691 815300 608622 387624 1025207 21442 60110 875712 1012372 652233 1354651 1319015 1055142 1343367 1077425 1127367 1683637 770483 733151 1284335 817135 1739517 812490 940587 107837 360631 609752 1648162 472556 1591285 1201148 1200710 1082204 454719 1100032 1693208 1640819 1004643 
