13
50
0 96693 6991 98933 103040 120160 6176 114988 93926 83117 29601 52530 915 113703 43985 95918 99861 102760 4391 59881 29792 22430 62501 48562 103743 24670 31198 8828 94526 6768 102221 42009 37602 78790 58697 57563 99642 2598 53548 21182 111104 45169 78422 65119 82229 2307 58800 55639 19106 118349 
96693 0 14320 106373 35121 107314 120214 40814 20138 6950 18364 117480 57387 20551 99723 10841 54602 45666 22933 60876 18428 5471 27116 8072 95784 17731 64769 109155 27881 18179 27106 113294 95928 118762 77692 28775 28459 68911 44904 645 40958 106412 111194 33117 25181 100898 72528 52363 49089 55087 
6991 14320 0 4248 4582 18199 104554 17576 60481 75700 98484 86492 121722 78395 94714 107746 16889 119122 87074 67298 21128 28644 65691 83265 27622 40756 12728 84163 344 110856 32033 73591 53956 61696 112940 24634 17302 20276 30836 12691 51226 43377 92634 89589 2815 63253 25875 122874 46772 43529 
98933 106373 4248 0 2562 50869 99098 30043 21430 33268 77281 119306 47747 106307 41263 4379 28797 82078 38246 67037 45551 26777 5877 90396 2018 63269 18413 25536 103414 65386 94857 96505 32796 62455 35611 41354 35518 91571 93132 17466 120867 33553 40485 3733 107014 88413 115193 31937 63922 36651 
103040 35121 4582 2562 0 32571 79083 27083 15629 52660 18064 27832 6896 98068 16183 16145 113749 83237 51139 90731 99796 7305 70895 77749 57086 91907 504 102601 30603 90543 97260 12933 105402 24828 89860 77655 16479 18420 63344 120281 90914 82354 27137 54831 23866 55423 38358 12160 105182 77558 
120160 107314 18199 50869 32571 0 53209 2055 55090 105452 26119 37685 75170 740 85100 23529 43235 18362 21429 87615 9833 22399 1666 109602 28367 58357 109655 819 88250 50324 40290 51792 4587 8738 93933 63552 43703 97243 117949 32649 76669 44832 75023 59245 15269 36641 59762 110844 42562 67631 
6176 120214 104554 99098 79083 53209 0 54592 118294 59850 118473 32434 99564 83449 73250 28575 101219 91293 109585 78185 46460 50000 29853 19704 91056 36324 46417 90478 28053 63107 53780 79316 59136 106514 13795 28717 7296 78531 81528 101755 80311 122750 86030 21005 45747 6908 96455 51386 78666 26344 
114988 40814 17576 30043 27083 2055 54592 0 10412 1377 94557 50565 35595 103410 30952 20286 79639 75358 114077 14369 73339 3651 95911 93231 6753 23937 96950 18402 113433 59935 118682 105808 19011 55257 101375 59241 118215 56132 9916 98582 16107 39843 119148 41690 29894 13058 46417 26229 3825 63218 
93926 20138 60481 21430 15629 55090 118294 10412 0 103285 68306 99755 68545 71588 57035 120681 29443 73881 88268 77560 102300 4936 80364 16190 18920 38584 30312 27953 113477 116322 114326 92606 68145 123327 85709 99268 117359 55775 113904 121105 69040 37719 75961 31693 93327 110144 19917 112354 41990 59235 
83117 6950 75700 33268 52660 105452 59850 1377 103285 0 85092 57816 92808 81101 105791 44398 11049 105677 23116 58570 44487 109419 114288 120024 110294 99253 30471 20780 17489 93162 30339 118832 110313 97385 60262 80215 41556 64888 93916 6940 103404 115625 24096 65624 96775 121913 10006 69778 18082 34327 
29601 18364 98484 77281 18064 26119 118473 94557 68306 85092 0 18948 116781 66382 10325 109104 106567 10458 9084 80978 124335 30459 38038 111723 105966 102040 27902 118650 82063 27375 84638 84437 111703 58282 109718 122504 7237 114310 99908 63473 71766 26626 37531 123074 110844 62235 121875 14672 86741 123342 
52530 117480 86492 119306 27832 37685 32434 50565 99755 57816 18948 0 114314 10712 27276 54283 84415 614 61451 192 49977 51068 5983 14043 119042 122021 85038 92238 115537 103028 16940 67973 32169 69069 31042 27332 18930 52616 76222 47801 81670 26807 47192 27401 96511 101340 76115 64364 35035 18937 
915 57387 121722 47747 6896 75170 99564 35595 68545 92808 116781 114314 0 10630 10444 4757 110781 89999 91360 38438 50233 61289 76658 52256 25627 124733 36752 45933 89694 14506 18111 47177 124354 61468 8727 68026 60756 101173 78317 95116 60738 17619 67295 101583 41131 89828 100075 23513 68358 79508 
113703 20551 78395 106307 98068 740 83449 103410 71588 81101 66382 10712 10630 0 35559 71309 118119 42452 10065 14615 17714 103558 19390 19903 5721 33704 66830 121834 116421 107929 61318 79963 82092 8408 65872 2223 89406 42981 104068 41544 92166 90750 89439 48742 75872 103859 67737 119270 101093 23258 
43985 99723 94714 41263 16183 85100 73250 30952 57035 105791 10325 27276 10444 35559 0 4475 50310 28526 22409 44575 21650 19596 88370 92227 85402 123369 58352 120364 46684 42390 24226 114189 40870 92857 60958 106731 40892 104638 111021 20538 29280 93012 68710 472 48622 55689 93229 11440 12612 117077 
95918 10841 107746 4379 16145 23529 28575 20286 120681 44398 109104 54283 4757 71309 4475 0 57990 15278 62024 2202 96871 99958 30988 32363 27067 35071 62768 105973 82037 46348 48506 74495 99460 7555 82724 50223 67235 52031 48597 50089 11445 104142 108604 23338 45782 109481 108687 98850 30970 99387 
99861 54602 16889 28797 113749 43235 101219 79639 29443 11049 106567 84415 110781 118119 50310 57990 0 77084 99824 88119 116954 35739 79879 15197 56565 44352 73990 61263 56573 19124 20603 53963 77702 107493 16872 120068 23576 84758 58662 119501 22606 31250 69861 110514 102898 61154 99634 21596 67339 57363 
102760 45666 119122 82078 83237 18362 91293 75358 73881 105677 10458 614 89999 42452 28526 15278 77084 0 78278 111045 61043 97529 557 96734 103257 1738 17840 7856 104854 27730 39426 100217 30311 53167 59655 15243 61441 49950 62683 124016 121836 17120 60703 92380 93243 101204 84801 8030 83873 47551 
4391 22933 87074 38246 51139 21429 109585 114077 88268 23116 9084 61451 91360 10065 22409 62024 99824 78278 0 51414 111482 98812 87824 10598 52345 42253 51977 88224 107683 5515 26377 68151 83620 59621 113656 72770 66331 88295 56981 57643 24810 82905 36464 25710 78233 24218 32743 23898 79269 78762 
59881 60876 67298 67037 90731 87615 78185 14369 77560 58570 80978 192 38438 14615 44575 2202 88119 111045 51414 0 45345 54935 21822 97876 61574 106958 54663 109734 68466 3111 71117 61159 64207 97930 6235 90926 94853 62129 124858 76743 6235 110301 37571 74149 40038 93132 39489 20801 94623 102069 
29792 18428 21128 45551 99796 9833 46460 73339 102300 44487 124335 49977 50233 17714 21650 96871 116954 61043 111482 45345 0 114977 16353 103440 78504 93245 31934 20027 72130 42118 19282 61983 71223 89592 25770 92307 67637 104671 116752 30825 32617 100289 72800 115970 94784 78495 37837 60290 26822 79474 
22430 5471 28644 26777 7305 22399 50000 3651 4936 109419 30459 51068 61289 103558 19596 99958 35739 97529 98812 54935 114977 0 26348 123151 36861 39461 73560 64054 106521 110429 94479 86231 103671 36121 55610 85764 71883 48585 98181 2958 31845 107754 83868 655 103935 2595 28620 67870 26306 91552 
62501 27116 65691 5877 70895 1666 29853 95911 80364 114288 38038 5983 76658 19390 88370 30988 79879 557 87824 21822 16353 26348 0 111656 33390 66893 89591 66126 49145 120771 104394 118260 50226 85049 26771 31440 5605 35534 393 106101 2110 52828 81683 53448 52773 79654 17597 22843 48092 116360 
48562 8072 83265 90396 77749 109602 19704 93231 16190 120024 111723 14043 52256 19903 92227 32363 15197 96734 10598 97876 103440 123151 111656 0 38434 14230 23225 6071 121461 87887 82372 43317 100146 49227 49812 48934 88354 39263 1131 75537 111809 85521 33281 109384 28850 89265 121322 106126 71331 63255 
103743 95784 27622 2018 57086 28367 91056 6753 18920 110294 105966 119042 25627 5721 85402 27067 56565 103257 52345 61574 78504 36861 33390 38434 0 74827 116650 72157 56682 61668 109666 50848 5225 111513 44594 32913 44985 23898 34806 57094 12001 21834 112708 94472 79953 68902 47854 79011 16268 93556 
24670 17731 40756 63269 91907 58357 36324 23937 38584 99253 102040 122021 124733 33704 123369 35071 44352 1738 42253 106958 93245 39461 66893 14230 74827 0 109641 14976 38690 67340 41643 124787 77007 42151 122838 103752 59392 23006 44334 27457 85432 57234 60543 105899 110518 120068 21698 25529 123020 107918 
31198 64769 12728 18413 504 109655 46417 96950 30312 30471 27902 85038 36752 66830 58352 62768 73990 17840 51977 54663 31934 73560 89591 23225 116650 109641 0 57082 90088 12863 41590 77541 54606 66666 61797 54519 50722 4026 102117 12978 61942 44918 21881 22568 29877 36759 7885 23770 1773 80962 
8828 109155 84163 25536 102601 819 90478 18402 27953 20780 118650 92238 45933 121834 120364 105973 61263 7856 88224 109734 20027 64054 66126 6071 72157 14976 57082 0 45599 23099 73799 106501 93028 16136 121064 102145 75994 109812 47021 30036 66295 17941 79444 23314 90945 8924 49873 29082 48042 116694 
94526 27881 344 103414 30603 88250 28053 113433 113477 17489 82063 115537 89694 116421 46684 82037 56573 104854 107683 68466 72130 106521 49145 121461 56682 38690 90088 45599 0 73320 114559 5849 114358 64631 75158 69211 114033 29078 60876 117396 98483 87425 83307 68443 22489 91723 104786 66999 18730 89220 
6768 18179 110856 65386 90543 50324 63107 59935 116322 93162 27375 103028 14506 107929 42390 46348 19124 27730 5515 3111 42118 110429 120771 87887 61668 67340 12863 23099 73320 0 74899 117142 60239 1629 75230 40079 6072 40946 17445 18844 88210 18743 116607 1118 14290 118077 77719 59835 117212 88396 
102221 27106 32033 94857 97260 40290 53780 118682 114326 30339 84638 16940 18111 61318 24226 48506 20603 39426 26377 71117 19282 94479 104394 82372 109666 41643 41590 73799 114559 74899 0 121315 43200 80190 16243 16313 59766 43084 92936 74086 15926 121452 88480 108845 1459 34322 7329 122246 27077 48157 
42009 113294 73591 96505 12933 51792 79316 105808 92606 118832 84437 67973 47177 79963 114189 74495 53963 100217 68151 61159 61983 86231 118260 43317 50848 124787 77541 106501 5849 117142 121315 0 20849 46645 19827 54014 45721 90620 2288 15908 41348 27038 77217 2457 80070 26647 99310 64846 7692 29014 
37602 95928 53956 32796 105402 4587 59136 19011 68145 110313 111703 32169 124354 82092 40870 99460 77702 30311 83620 64207 71223 103671 50226 100146 5225 77007 54606 93028 114358 60239 43200 20849 0 85590 87729 114626 42380 25709 42010 32433 5523 121602 106181 419 46632 43715 50142 98264 77108 56590 
78790 118762 61696 62455 24828 8738 106514 55257 123327 97385 58282 69069 61468 8408 92857 7555 107493 53167 59621 97930 89592 36121 85049 49227 111513 42151 66666 16136 64631 1629 80190 46645 85590 0 95324 36408 78244 105167 737 57219 112424 117723 111235 105906 55112 67847 84615 103693 94163 56428 
58697 77692 112940 35611 89860 93933 13795 101375 85709 60262 109718 31042 8727 65872 60958 82724 16872 59655 113656 6235 25770 55610 26771 49812 44594 122838 61797 121064 75158 75230 16243 19827 87729 95324 0 66425 38392 91064 24904 36625 117442 24375 22376 52537 107428 124785 116951 81042 32416 81331 
57563 28775 24634 41354 77655 63552 28717 59241 99268 80215 122504 27332 68026 2223 106731 50223 120068 15243 72770 90926 92307 85764 31440 48934 32913 103752 54519 102145 69211 40079 16313 54014 114626 36408 66425 0 120583 77920 115002 83528 62273 87023 71453 112018 29835 72629 117271 112038 103883 14572 
99642 28459 17302 35518 16479 43703 7296 118215 117359 41556 7237 18930 60756 89406 40892 67235 23576 61441 66331 94853 67637 71883 5605 88354 44985 59392 50722 75994 114033 6072 59766 45721 42380 78244 38392 120583 0 10595 115711 122195 46974 123506 5642 117150 23696 58013 53170 22511 47519 34436 
2598 68911 20276 91571 18420 97243 78531 56132 55775 64888 114310 52616 101173 42981 104638 52031 84758 49950 88295 62129 104671 48585 35534 39263 23898 23006 4026 109812 29078 40946 43084 90620 25709 105167 91064 77920 10595 0 113586 31469 66789 94854 54987 48317 71420 102844 106953 49857 116528 76709 
53548 44904 30836 93132 63344 117949 81528 9916 113904 93916 99908 76222 78317 104068 111021 48597 58662 62683 56981 124858 116752 98181 393 1131 34806 44334 102117 47021 60876 17445 92936 2288 42010 737 24904 115002 115711 113586 0 113513 39563 118044 4163 71165 62450 68077 67631 95843 84181 68693 
21182 645 12691 17466 120281 32649 101755 98582 121105 6940 63473 47801 95116 41544 20538 50089 119501 124016 57643 76743 30825 2958 106101 75537 57094 27457 12978 30036 117396 18844 74086 15908 32433 57219 36625 83528 122195 31469 113513 0 60812 111417 86750 35289 40546 33077 63517 122721 50000 41216 
111104 40958 51226 120867 90914 76669 80311 16107 69040 103404 71766 81670 60738 92166 29280 11445 22606 121836 24810 6235 32617 31845 2110 111809 12001 85432 61942 66295 98483 88210 15926 41348 5523 112424 117442 62273 46974 66789 39563 60812 0 18182 83178 20521 16448 109861 48243 22941 11732 42105 
45169 106412 43377 33553 82354 44832 122750 39843 37719 115625 26626 26807 17619 90750 93012 104142 31250 17120 82905 110301 100289 107754 52828 85521 21834 57234 44918 17941 87425 18743 121452 27038 121602 117723 24375 87023 123506 94854 118044 111417 18182 0 75729 111314 28848 79873 39668 6413 106632 66531 
78422 111194 92634 40485 27137 75023 86030 119148 75961 24096 37531 47192 67295 89439 68710 108604 69861 60703 36464 37571 72800 83868 81683 33281 112708 60543 21881 79444 83307 116607 88480 77217 106181 111235 22376 71453 5642 54987 4163 86750 83178 75729 0 108142 96985 3323 29104 13975 65255 80974 
65119 33117 89589 3733 54831 59245 21005 41690 31693 65624 123074 27401 101583 48742 472 23338 110514 92380 25710 74149 115970 655 53448 109384 94472 105899 22568 23314 68443 1118 108845 2457 419 105906 52537 112018 117150 48317 71165 35289 20521 111314 108142 0 73381 31123 61114 45299 103954 57207 
82229 25181 2815 107014 23866 15269 45747 29894 93327 96775 110844 96511 41131 75872 48622 45782 102898 93243 78233 40038 94784 103935 52773 28850 79953 110518 29877 90945 22489 14290 1459 80070 46632 55112 107428 29835 23696 71420 62450 40546 16448 28848 96985 73381 0 45070 57534 18130 124781 3180 
2307 100898 63253 88413 55423 36641 6908 13058 110144 121913 62235 101340 89828 103859 55689 109481 61154 101204 24218 93132 78495 2595 79654 89265 68902 120068 36759 8924 91723 118077 34322 26647 43715 67847 124785 72629 58013 102844 68077 33077 109861 79873 3323 31123 45070 0 81028 114897 28799 94129 
58800 72528 25875 115193 38358 59762 96455 46417 19917 10006 121875 76115 100075 67737 93229 108687 99634 84801 32743 39489 37837 28620 17597 121322 47854 21698 7885 49873 104786 77719 7329 99310 50142 84615 116951 117271 53170 106953 67631 63517 48243 39668 29104 61114 57534 81028 0 121302 87315 50657 
55639 52363 122874 31937 12160 110844 51386 26229 112354 69778 14672 64364 23513 119270 11440 98850 21596 8030 23898 20801 60290 67870 22843 106126 79011 25529 23770 29082 66999 59835 122246 64846 98264 103693 81042 112038 22511 49857 95843 122721 22941 6413 13975 45299 18130 114897 121302 0 33318 89475 
19106 49089 46772 63922 105182 42562 78666 3825 41990 18082 86741 35035 68358 101093 12612 30970 67339 83873 79269 94623 26822 26306 48092 71331 16268 123020 1773 48042 18730 117212 27077 7692 77108 94163 32416 103883 47519 116528 84181 50000 11732 106632 65255 103954 124781 28799 87315 33318 0 105849 
118349 55087 43529 36651 77558 67631 26344 63218 59235 34327 123342 18937 79508 23258 117077 99387 57363 47551 78762 102069 79474 91552 116360 63255 93556 107918 80962 116694 89220 88396 48157 29014 56590 56428 81331 14572 34436 76709 68693 41216 42105 66531 80974 57207 3180 94129 50657 89475 105849 0 
