35
35
0 9728 4154 41152 2657 12127 5245 27909 30266 41047 2305 37452 19437 12749 19836 1769 40387 39184 30399 40388 2705 6363 10709 35908 3776 5598 36089 15417 6697 10408 11011 42023 13772 33044 42139 
9728 0 34570 18631 11030 10587 19573 42789 3436 41274 35457 41362 1543 31930 27281 1515 41911 21097 37375 4512 33878 41324 16912 3318 36916 29353 41994 36240 30419 14390 4860 39162 23396 2136 4579 
4154 34570 0 30680 40617 22048 38837 37920 26366 24253 37467 37561 2003 39575 19826 4423 34731 8438 37761 28316 39242 2045 22603 16366 3310 13829 30436 3957 29884 10836 31210 1846 20076 4901 5786 
41152 18631 30680 0 29872 32374 18728 40788 42509 25690 17382 5267 24069 37006 39316 33770 12447 15060 25654 7741 19581 4189 38773 21302 20701 15625 438 31254 32519 33916 6115 1902 34035 20108 32886 
2657 11030 40617 29872 0 4356 1490 9261 36371 2158 16793 39727 28371 6179 25323 10296 11336 9765 9020 30965 37185 27691 21571 31429 15206 37635 9647 32935 22165 19160 6258 29932 35004 36247 27410 
12127 10587 22048 32374 4356 0 7347 18026 33632 27825 16002 35255 6051 2337 24498 4012 14221 15474 17738 39909 16647 12866 31522 27958 23684 5569 16905 38085 24667 2098 38271 5285 17856 30072 13278 
5245 19573 38837 18728 1490 7347 0 21889 26439 6621 20618 2835 1928 1527 40348 30500 26797 19709 28722 2519 29222 13561 17312 8169 21173 31030 23186 36362 31520 38937 23238 18758 31751 25162 18042 
27909 42789 37920 40788 9261 18026 21889 0 4257 24044 15908 16319 12600 5980 21244 21970 1258 15764 29615 22975 27228 18504 34101 25386 5873 5560 23706 6280 9298 948 26389 2627 18741 7532 31059 
30266 3436 26366 42509 36371 33632 26439 4257 0 14014 30837 1109 15149 35920 12817 39024 11586 4805 8616 4488 12634 7332 38861 29337 33203 37998 3312 40045 6026 39140 28355 1855 12423 14098 25413 
41047 41274 24253 25690 2158 27825 6621 24044 14014 0 22308 29040 41821 3630 33572 42118 11891 18426 40546 2322 17634 37711 12929 39390 39337 25086 14672 27379 32738 4641 12805 1824 18162 22685 13683 
2305 35457 37467 17382 16793 16002 20618 15908 30837 22308 0 800 25671 5179 23206 29343 26159 34113 28386 42859 19367 36561 18005 25779 20712 20241 9239 33391 3932 26484 24922 26900 12292 1541 8778 
37452 41362 37561 5267 39727 35255 2835 16319 1109 29040 800 0 153 10602 40438 9583 9431 11096 2231 16299 22014 4291 1391 30001 37122 4642 30114 26224 33782 37612 19639 21224 19586 35706 9836 
19437 1543 2003 24069 28371 6051 1928 12600 15149 41821 25671 153 0 32175 29090 1400 40829 30424 5475 13190 31281 35147 38703 4719 18569 40229 24485 16687 41665 20473 25413 33580 8785 40324 18877 
12749 31930 39575 37006 6179 2337 1527 5980 35920 3630 5179 10602 32175 0 13653 6316 24258 18490 2899 5596 2784 24066 25910 35916 1216 1550 20067 11687 11924 29687 34894 22691 13074 24687 25190 
19836 27281 19826 39316 25323 24498 40348 21244 12817 33572 23206 40438 29090 13653 0 42573 20228 16307 6492 17063 407 11159 21717 13247 32235 2065 22647 25987 28223 39315 39883 40177 29963 31336 1569 
1769 1515 4423 33770 10296 4012 30500 21970 39024 42118 29343 9583 1400 6316 42573 0 36961 39400 21556 12089 42820 32604 34334 5530 4670 1426 32729 16965 26540 7489 22878 36312 8796 38452 26125 
40387 41911 34731 12447 11336 14221 26797 1258 11586 11891 26159 9431 40829 24258 20228 36961 0 21273 16182 28038 30055 21531 22383 25060 23343 13715 35188 16023 2204 23514 27809 18400 15824 3779 6436 
39184 21097 8438 15060 9765 15474 19709 15764 4805 18426 34113 11096 30424 18490 16307 39400 21273 0 25276 26068 18257 12898 6108 30762 28676 26976 9661 22835 57 12436 24575 23859 4682 28780 14644 
30399 37375 37761 25654 9020 17738 28722 29615 8616 40546 28386 2231 5475 2899 6492 21556 16182 25276 0 25444 12007 15179 25480 14741 10852 12902 627 9087 41597 18358 19317 14482 26661 28665 6611 
40388 4512 28316 7741 30965 39909 2519 22975 4488 2322 42859 16299 13190 5596 17063 12089 28038 26068 25444 0 28581 40689 34022 4677 36204 4139 2666 32265 10171 42470 29867 22915 9126 760 11944 
2705 33878 39242 19581 37185 16647 29222 27228 12634 17634 19367 22014 31281 2784 407 42820 30055 18257 12007 28581 0 6907 24360 26721 2790 25729 22425 9151 19412 32033 508 1379 14451 41732 32000 
6363 41324 2045 4189 27691 12866 13561 18504 7332 37711 36561 4291 35147 24066 11159 32604 21531 12898 15179 40689 6907 0 7320 36237 16736 22479 28561 12452 2614 21626 29061 27042 41604 40965 13405 
10709 16912 22603 38773 21571 31522 17312 34101 38861 12929 18005 1391 38703 25910 21717 34334 22383 6108 25480 34022 24360 7320 0 15255 14848 25781 34376 29184 28964 41276 24289 21843 31098 26136 32172 
35908 3318 16366 21302 31429 27958 8169 25386 29337 39390 25779 30001 4719 35916 13247 5530 25060 30762 14741 4677 26721 36237 15255 0 13000 39928 37866 6332 10276 30945 12940 15086 39459 29455 18553 
3776 36916 3310 20701 15206 23684 21173 5873 33203 39337 20712 37122 18569 1216 32235 4670 23343 28676 10852 36204 2790 16736 14848 13000 0 9862 29896 10170 1608 69 13957 7167 19151 41350 3038 
5598 29353 13829 15625 37635 5569 31030 5560 37998 25086 20241 4642 40229 1550 2065 1426 13715 26976 12902 4139 25729 22479 25781 39928 9862 0 11605 14582 16524 17590 22375 34139 9983 22425 24025 
36089 41994 30436 438 9647 16905 23186 23706 3312 14672 9239 30114 24485 20067 22647 32729 35188 9661 627 2666 22425 28561 34376 37866 29896 11605 0 23218 31738 38541 42443 41507 14499 30024 14842 
15417 36240 3957 31254 32935 38085 36362 6280 40045 27379 33391 26224 16687 11687 25987 16965 16023 22835 9087 32265 9151 12452 29184 6332 10170 14582 23218 0 2995 7821 13188 6864 28938 20113 18944 
6697 30419 29884 32519 22165 24667 31520 9298 6026 32738 3932 33782 41665 11924 28223 26540 2204 57 41597 10171 19412 2614 28964 10276 1608 16524 31738 2995 0 9674 25319 10826 11410 34475 246 
10408 14390 10836 33916 19160 2098 38937 948 39140 4641 26484 37612 20473 29687 39315 7489 23514 12436 18358 42470 32033 21626 41276 30945 69 17590 38541 7821 9674 0 28084 32531 35006 28553 28561 
11011 4860 31210 6115 6258 38271 23238 26389 28355 12805 24922 19639 25413 34894 39883 22878 27809 24575 19317 29867 508 29061 24289 12940 13957 22375 42443 13188 25319 28084 0 39235 20100 15111 8753 
42023 39162 1846 1902 29932 5285 18758 2627 1855 1824 26900 21224 33580 22691 40177 36312 18400 23859 14482 22915 1379 27042 21843 15086 7167 34139 41507 6864 10826 32531 39235 0 25116 37483 22957 
13772 23396 20076 34035 35004 17856 31751 18741 12423 18162 12292 19586 8785 13074 29963 8796 15824 4682 26661 9126 14451 41604 31098 39459 19151 9983 14499 28938 11410 35006 20100 25116 0 7860 27274 
33044 2136 4901 20108 36247 30072 25162 7532 14098 22685 1541 35706 40324 24687 31336 38452 3779 28780 28665 760 41732 40965 26136 29455 41350 22425 30024 20113 34475 28553 15111 37483 7860 0 19011 
42139 4579 5786 32886 27410 13278 18042 31059 25413 13683 8778 9836 18877 25190 1569 26125 6436 14644 6611 11944 32000 13405 32172 18553 3038 24025 14842 18944 246 28561 8753 22957 27274 19011 0 
