5
20
0 2873 1434 527 1011 6040 6853 1010 2702 78 3593 2074 7820 6093 4568 7943 1587 3908 1804 1974 
2873 0 7671 5371 4730 3838 2482 5373 2034 5613 1697 248 7271 4669 4603 2289 1179 851 5866 2377 
1434 7671 0 1650 3790 5502 4303 348 7174 7382 4808 3591 2035 7561 7336 6271 7395 1236 1308 6899 
527 5371 1650 0 3836 5566 3161 5412 47 5662 2785 5843 5220 5427 6355 340 3116 3472 1825 920 
1011 4730 3790 3836 0 7147 2992 270 7469 4407 4862 1716 7579 3944 7557 2412 903 2345 1809 427 
6040 3838 5502 5566 7147 0 3550 2466 5735 3967 1172 4955 5204 2413 1705 5603 6804 7572 723 1193 
6853 2482 4303 3161 2992 3550 0 4890 7154 6346 332 5594 4830 6259 3813 4272 7841 2066 6011 3307 
1010 5373 348 5412 270 2466 4890 0 6879 3698 5869 34 221 1917 215 68 7324 3354 620 3156 
2702 2034 7174 47 7469 5735 7154 6879 0 6171 2528 5457 334 3817 2207 7042 874 2954 3780 7276 
78 5613 7382 5662 4407 3967 6346 3698 6171 0 4515 5955 7113 389 3489 3270 4726 7156 2310 2469 
3593 1697 4808 2785 4862 1172 332 5869 2528 4515 0 2915 1107 4304 3303 5271 4338 5749 5996 6601 
2074 248 3591 5843 1716 4955 5594 34 5457 5955 2915 0 1998 6404 971 7451 3125 7440 6576 6613 
7820 7271 2035 5220 7579 5204 4830 221 334 7113 1107 1998 0 1087 3993 1315 5836 2602 4975 1629 
6093 4669 7561 5427 3944 2413 6259 1917 3817 389 4304 6404 1087 0 3569 2574 644 4259 2976 6372 
4568 4603 7336 6355 7557 1705 3813 215 2207 3489 3303 971 3993 3569 0 5962 1748 3473 7514 3194 
7943 2289 6271 340 2412 5603 4272 68 7042 3270 5271 7451 1315 2574 5962 0 6453 2074 2964 4287 
1587 1179 7395 3116 903 6804 7841 7324 874 4726 4338 3125 5836 644 1748 6453 0 4960 628 521 
3908 851 1236 3472 2345 7572 2066 3354 2954 7156 5749 7440 2602 4259 3473 2074 4960 0 6898 5365 
1804 5866 1308 1825 1809 723 6011 620 3780 2310 5996 6576 4975 2976 7514 2964 628 6898 0 4624 
1974 2377 6899 920 427 1193 3307 3156 7276 2469 6601 6613 1629 6372 3194 4287 521 5365 4624 0 
